ATCSL5ID,188,190595,BA01,accept,0,189,192603,A,191,193808,191,193808,0,1,190,
ATCSL5ID,17,17202.2,EK96,accept,0,28,28867.9,A,29,29601.4,29,29601.6,0,,190,
ATCSL5ID,150,152063,GA87,accept,1,-1,-1,,,,150,152063,,,190,
ATCSL5ID,276,279827,JQ12,accept,0,278,282290,A,280,284864,280,284864,0,,190,
ATCSL5ID,237,240281,JQ25,accept,0,238,241835,A,239,243136,239,243136,0,,190,
ATCSL5ID,47,47622.3,MH37,accept,0,56,57459.2,A,57,58561.2,57,58561.3,0,,190,
ATCSL5ID,233,236225,NA05,accept,0,235,238341,A,235,239232,235,239232,0,,190,
ATCSL5ID,99,100350,NA81,accept,0,107,109411,A,108,110209,108,110209,0,,190,
ATCSL5ID,197,199721,QF03,accept,0,199,201906,A,199,202656,199,202656,0,,190,
ATCSL5ID,273,276785,QF47,accept,0,285,289890,A,286,290688,286,290688,0,,190,
ATCSL5ID,265,268674,QF70,accept,0,266,269922,A,268,271824,268,271824,0,,190,
ATCSL5ID,66,66888.2,QF94,accept,0,67,68123.3,A,68,69025.1,68,69025.3,0,,190,
ATCSL5ID,0,1.23769e+015,QR32,accept,0,3,3079.96,A,3,3777.58,3,3777.75,0,,190,
ATCSL5ID,14,14160.4,TT92,accept,0,15,15964.1,A,16,17041.5,16,17041.6,0,,190,
ATCSL5ID,240,243323,VA59,accept,0,248,251906,A,251,255008,251,255008,0,,190,
ATCSL5ID,225,228113,VA71,accept,0,229,232387,A,230,233584,230,233584,0,,190,
ATCSL5ID,298,302134,BA18,handoff,0,0,-1,,,,,,,4,190,
ATCSL5ID,204,206819,BA91,handoff,0,212,215354,H,213,216160,213,216160,0,,190,
ATCSL5ID,215,217973,CX50,handoff,0,218,221179,Left Arrow,218,221968,218,221968,0,,190,
ATCSL5ID,122,123672,GA21,handoff,0,131,133355,H,132,134465,132,134465,0,,190,
ATCSL5ID,152,154091,MH50,handoff,1,-1,-1,,,,152,154091,,,190,
ATCSL5ID,201,203777,NA06,handoff,0,202,205747,H,203,205936,203,205936,0,,190,
ATCSL5ID,35,35454.2,NA78,handoff,0,36,37188,H,37,38081.3,37,38081.5,0,,190,
ATCSL5ID,74,75000.4,SQ38,handoff,0,75,76123.8,H,75,76833.1,75,76833.3,0,,190,
ATCSL5ID,19,19230.2,SQ48,handoff,0,21,22236.2,H,22,23169.4,22,23169.6,0,,190,
ATCSL5ID,59,59790.3,TT16,handoff,0,63,64459.7,H,64,65121.1,64,65121.3,0,,190,
ATCSL5ID,91,92238,TT64,handoff,0,101,102460,H,102,103841,102,103841,0,,190,
ATCSL5ID,300,304162,TT92,handoff,0,0,-1,,,,,,,,190,
ATCSL5ID,199,201749,VA73,handoff,0,200,203499,H,201,204256,201,204256,0,,190,
ATCSL5ID,75,76014.2,VA75,handoff,0,0,-1,,,,,,1,,190,
ATCSL13ID,186,188583,BA43,accept,0,0,-1,,,,,,1,1,285,
ATCSL13ID,277,280856,BA58,accept,0,279,283719,A,280,284565,280,284565,0,,285,
ATCSL13ID,153,155120,BA95,accept,0,158,160352,A,158,160789,158,160790,0,,285,
ATCSL13ID,184,186555,BA96,accept,0,186,188744,A,186,189509,186,189509,0,,285,
ATCSL13ID,100,101379,CX24,accept,0,102,103880,A,102,104326,102,104326,0,,285,
ATCSL13ID,242,245366,CX90,accept,0,243,247119,A,244,247493,244,247493,0,,285,
ATCSL13ID,151,153092,EK49,accept,0,152,154648,A,153,155382,153,155382,0,,285,
ATCSL13ID,235,238268,GA25,accept,0,237,240968,A,238,241637,238,241637,0,,285,
ATCSL13ID,36,36482.3,GA54,accept,0,40,40896.8,A,41,41817.2,41,41817.3,0,,285,
ATCSL13ID,269,272743,JQ69,accept,0,270,274735,A,271,275525,271,275525,0,,285,
ATCSL13ID,0,336399,MH26,accept,0,5,5464.95,A,6,6630.37,6,6630.5,0,,285,
ATCSL13ID,213,215961,QR13,accept,0,216,219144,A,216,219957,216,219957,0,,285,
ATCSL13ID,39,39524.2,QR84,accept,0,43,43656.5,A,43,43830.1,43,43830.3,0,,285,
ATCSL13ID,80,81099.2,TT35,accept,0,86,87743.7,A,86,88085.9,86,88086,0,,285,
ATCSL13ID,14,14174.4,VA34,accept,0,15,16105,A,16,16630.3,16,16630.5,0,,285,
ATCSL13ID,183,185541,CX03,handoff,0,184,187063,H,185,187832,185,187832,0,3,285,
ATCSL13ID,161,163232,CX74,handoff,0,162,164912,H,163,165717,163,165717,0,,285,
ATCSL13ID,198,200750,GA97,handoff,0,200,203608,H,201,204405,201,204405,0,,285,
ATCSL13ID,73,74001.1,JQ60,handoff,0,76,77123.6,H,76,77765.9,76,77766.1,0,,285,
ATCSL13ID,32,32426.4,JQ62,handoff,0,33,33865,H,33,34118.2,33,34118.3,0,,285,
ATCSL13ID,299,303164,MH26,handoff,0,0,-1,,,,,,,,285,
ATCSL13ID,151,153092,NA09,handoff,0,156,158856,H,157,159717,157,159718,0,,285,
ATCSL13ID,37,37496.2,QF12,handoff,0,38,39456.9,H,39,39894.1,39,39894.3,0,,285,
ATCSL13ID,12,12146.4,QF20,handoff,0,14,14273,H,15,15257.6,15,15257.8,0,,285,
ATCSL13ID,252,255505,QR88,handoff,0,253,257015,H,254,257669,254,257669,0,,285,
ATCSL13ID,122,123686,SQ85,handoff,1,-1,-1,,,,122,123686,,,285,
ATCSL13ID,25,25328.3,TT56,handoff,0,28,28896.9,H,29,29638.2,29,29638.4,0,,285,
ATCSL13ID,116,117603,TT94,handoff,1,-1,-1,,,,116,117603,,,285,
ATCSL13ID,173,175400,VA48,handoff,0,175,178152,Left Arrow,176,178949,176,178949,0,,285,
ATCLL7ID,271,274775,EK71,accept,0,272,275898,A,272,276303,,,,272,276303,0,2,70,
ATCLL7ID,74,75018.3,GA31,accept,0,77,78418.9,A,78,79232.2,,,,78,79232.4,0,,70,
ATCLL7ID,35,35471.9,JQ38,accept,0,36,36771.1,A,37,37557.6,,,,37,37557.7,0,,70,
ATCLL7ID,210,212922,MH73,accept,0,212,215753,A,213,216127,,,,213,216128,0,,70,
ATCLL7ID,100,101381,NA22,accept,0,101,102787,A,102,103760,,,,102,103760,0,,70,
ATCLL7ID,238,241314,NA55,accept,0,243,246626,A,243,246895,,,,243,246895,0,,70,
ATCLL7ID,259,262608,QF81,accept,0,260,264146,A,261,265455,,,,261,265455,0,,70,
ATCLL7ID,128,129774,QF97,accept,1,-1,-1,,,,,,,128,129774,,,70,
ATCLL7ID,77,78059.5,QR07,accept,0,78,79642.4,A,78,80000.3,,,,78,80000.4,0,,70,
ATCLL7ID,169,171348,QR36,accept,0,171,173746,A,171,174144,,,,171,174144,0,,70,
ATCLL7ID,200,202782,QR48,accept,0,201,204298, ,202,204928,A,208,211855,208,211856,0,,70,
ATCLL7ID,261,264636,SQ16,accept,0,273,277233,A,273,277471,,,,273,277471,0,,70,
ATCLL7ID,169,171348,TT86,accept,0,172,175394,A,173,175808,,,,173,175808,0,,70,
ATCLL7ID,249,252468,VA34,accept,0,252,256378,A,253,257119,,,,253,257119,0,,70,
ATCLL7ID,117,118619,VA57,accept,1,-1,-1,,,,,,,117,118619,1,,70,
ATCLL7ID,232,235230,VA87,accept,0,234,237634,A,235,238356,,,,235,238356,0,,70,
ATCLL7ID,261,264636,CX08,handoff,0,262,266186,H,263,266943,,,,263,266943,0,3,70,
ATCLL7ID,177,179460,CX24,handoff,0,177,180450,Down Arrow,179,182080,H,182,184752,182,184752,0,,70,
ATCLL7ID,126,127745,EK64,handoff,1,-1,-1,,,,,,,126,127745,,,70,
ATCLL7ID,40,40542.2,EK90,handoff,0,40,41531.1,H,41,42192.5,,,,41,42192.7,0,,70,
ATCLL7ID,245,248412,JQ91,handoff,0,246,249617,H,247,250521,,,,247,250522,0,,70,
ATCLL7ID,28,28373.7,MH32,handoff,0,29,30099.2,H,30,30880.6,,,,30,30880.7,0,,70,
ATCLL7ID,10,10121.4,QF56,handoff,0,11,12075.3,H,12,12928.7,,,,12,12928.8,0,,70,
ATCLL7ID,190,192641,QR29,handoff,0,194,196994,Down Arrow,195,197840,,,,195,197840,0,,70,
ATCLL7ID,97,98339.6,SQ20,handoff,0,98,99994.8,H,99,100944,,,,99,100945,0,,70,
ATCLL7ID,138,139913,VA17,handoff,1,-1,-1,,,,,,,138,139913,,,70,
ATCLL7ID,180,182501,VA28,handoff,0,186,189090,H,186,189584,,,,186,189584,0,,70,
ATCLL7ID,16,16205.4,VA70,handoff,0,0,-1,,,,,,,,,1,,70,
ATCLL15ID,260,263616,EK29,accept,0,261,265282,A,261,265608,261,265608,0,2,75,
ATCLL15ID,15,15186.5,EK39,accept,0,19,19763.7,A,19,20089.7,19,20089.8,0,,75,
ATCLL15ID,42,42565,EK93,accept,0,43,44019.5,A,43,44409.5,43,44409.6,0,,75,
ATCLL15ID,160,162217,JQ18,accept,1,-1,-1,,,,160,162217,,,75,
ATCLL15ID,198,200748,JQ50,accept,0,203,206371,A,203,206713,203,206713,0,,75,
ATCLL15ID,255,258546,MH23,accept,0,256,259931,A,257,261016,257,261016,0,,75,
ATCLL15ID,142,143965,QF33,accept,0,143,145251,A,143,145609,143,145609,0,,75,
ATCLL15ID,42,42565.1,QF89,accept,0,44,45340.2,A,45,45684.1,45,45684.3,0,,75,
ATCLL15ID,28,28368.6,QR46,accept,0,30,30524.2,A,30,30857.6,30,30857.7,0,,75,
ATCLL15ID,227,230154,QR71,accept,0,228,231979,A,229,232728,229,232728,0,,75,
ATCLL15ID,31,31411,SQ32,accept,0,34,34564.2,A,34,34905.6,34,34905.7,0,,75,
ATCLL15ID,89,90223.3,TT56,accept,0,90,91611.8,A,90,91945.2,90,91945.4,0,,75,
ATCLL15ID,160,162217,VA13,accept,1,-1,-1,,,,160,162217,,,75,
ATCLL15ID,97,98334.5,VA30,accept,0,102,103652,A,103,104553,103,104553,0,,75,
ATCLL15ID,276,279839,VA83,accept,0,278,282267,A,279,283064,279,283064,0,,75,
ATCLL15ID,199,201762,GA88,handoff,0,199,202691,H,201,204505,201,204505,0,2,75,
ATCLL15ID,211,213930,JQ67,handoff,0,220,223419,H,221,224264,221,224264,0,,75,
ATCLL15ID,59,59803.1,MH45,handoff,0,62,63228,H,62,63465.4,62,63465.5,0,,75,
ATCLL15ID,122,123685,NA92,handoff,0,123,124786,H,123,125225,123,125225,0,,75,
ATCLL15ID,59,59803.1,QF26,handoff,0,60,61588,H,61,62265.4,61,62265.6,0,,75,
ATCLL15ID,18,18228.6,QR90,handoff,0,31,31980.2,H,32,32857.6,32,32857.8,0,,75,
ATCLL15ID,71,71971.3,SQ37,handoff,0,73,74116,H,74,75101.2,74,75101.4,0,,75,
ATCLL15ID,221,224070,SQ77,handoff,0,221,225067,H,222,225416,222,225417,0,,75,
ATCLL15ID,13,13158.4,SQ94,handoff,0,15,15828.5,H,16,16521.7,16,16521.8,0,,75,
ATCLL15ID,96,97320.4,TT01,handoff,0,103,105340,H,104,106313,104,106313,0,,75,
ATCLL15ID,160,162217,TT51,handoff,1,-1,-1,,,,160,162217,,,75,
ATCLL15ID,35,35467,VA31,handoff,0,36,37019.9,H,37,37801.6,37,37801.7,0,,75,
ATCLL15ID,145,147007,VA98,handoff,1,-1,-1,,,,145,147007,,,75,
NoneSS16ID,248,251451,BA71,accept,0,249,252904,A,250,254430,,,,,,,250,254430,0,0,210,
NoneSS16ID,43,43582.2,CX11,accept,0,44,45369.7,A,45,46191,,,,,,,45,46191.1,0,,210,
NoneSS16ID,80,81100,CX20,accept,0,81,82905,A,82,83358.8,,,,,,,82,83358.9,0,,210,
NoneSS16ID,182,184527,CX68,accept,0,184,187513,A,185,188254,,,,,,,185,188254,0,,210,
NoneSS16ID,276,279843,CX69,accept,0,278,282288,A,279,282957,,,,,,,279,282958,0,,210,
NoneSS16ID,215,217990,EK93,accept,0,222,225536,A,223,226606,,,,,,,223,226606,0,,210,
NoneSS16ID,68,68932.3,MH32,accept,0,70,71209.4,A,71,72158.8,,,,,,,71,72158.9,0,,210,
NoneSS16ID,63,63862.3,MH65,accept,0,64,65241.5,A,65,65966.5,,,,,,,65,65966.7,0,,210,
NoneSS16ID,79,80086,NA24,accept,0,85,86245.7,A,86,87870.7,,,,,,,86,87870.8,0,,210,
NoneSS16ID,141,142954,NA60,accept,0,149,151149,A,149,151294,,,,,,,149,151294,0,,210,
NoneSS16ID,293,297081,NA98,accept,0,295,299181,A,295,299869,,,,,,,295,299870,0,,210,
NoneSS16ID,33,33442.1,QF75,accept,0,35,35737.7,A,36,36719,,,,,,,36,36719.2,0,,210,
NoneSS16ID,241,244354,QF77,accept,0,244,248216,A,245,248894,,,,,,,245,248894,0,,210,
NoneSS16ID,137,138899,VA43,accept,0,141,143553,A,145,147102,,,,,,,145,147102,0,,210,
NoneSS16ID,195,197710,VA97,accept,0,204,207017,A,204,207790,,,,,,,204,207790,0,,210,
NoneSS16ID,78,79072.1,BA88,handoff,0,80,81448.9,H,81,82192.8,,,,,,,81,82192.9,0,1,210,
NoneSS16ID,175,177431,CX50,handoff,0,177,180281,H,177,180462,,,,,,,177,180462,0,,210,
NoneSS16ID,31,31414.2,CX90,handoff,0,0,-1,,,,,,,,,,,,1,,210,
NoneSS16ID,284,287955,JQ02,handoff,0,285,289600,H,286,290333,,,,,,,286,290334,0,,210,
NoneSS16ID,175,177431,JQ13,handoff,0,176,179025,H,177,179822,,,,,,,177,179822,0,,210,
NoneSS16ID,11,11133.9,JQ54,handoff,0,12,12601.8,H,13,13311.2,,,,,,,13,13311.3,0,,210,
NoneSS16ID,102,103408,MH22,handoff,0,103,104697,H,104,105631,,,,,,,104,105631,0,,210,
NoneSS16ID,139,140927,MH74,handoff,0,147,149872,H,148,150526,,,,,,,148,150526,0,,210,
NoneSS16ID,123,124703,QF96,handoff,0,124,126433,Up Arrow,126,127998,Down Arrow,126,128478,H,127,129758,127,129759,0,,210,
NoneSS16ID,44,44596.2,SQ01,handoff,0,46,46721.8,H,46,47551,,,,,,,46,47551.1,0,,210,
NoneSS16ID,165,167291,SQ17,handoff,0,167,170225,Up Arrow,169,171614,,,,,,,169,171614,0,,210,
NoneSS16ID,241,244354,SQ19,handoff,0,242,246071,H,243,247182,,,,,,,243,247182,0,,210,
NoneSS16ID,108,109492,SQ92,handoff,0,111,113465,H,112,114351,,,,,,,112,114351,0,,210,
NoneSS16ID,187,189598,VA35,handoff,0,188,190913,H,189,191695,,,,,,,189,191695,0,,210,
ATCSS4ID,276,279833,EK10,accept,0,277,281252,A,277,281490,,,,277,281490,0,1,260,
ATCSS4ID,249,252455,EK21,accept,0,251,255452,A,252,256322,,,,252,256322,0,,260,
ATCSS4ID,37,37489,EK69,accept,0,38,38934,A,39,39891.4,,,,39,39891.5,0,,260,
ATCSS4ID,193,195671,GA37,accept,0,194,197500,A,195,198402,,,,195,198403,0,,260,
ATCSS4ID,110,111511,JQ24,accept,1,-1,-1,,,,,,,110,111511,,,260,
ATCSS4ID,47,47629,JQ40,accept,0,48,49133.6,A,49,49955.3,,,,49,49955.5,0,,260,
ATCSS4ID,43,43573,NA55,accept,0,51,51821.4,A,51,52067.3,,,,51,52067.4,0,,260,
ATCSS4ID,0,335495,QF41,accept,0,1,1774.31,A,2,2403.62,,,,2,2403.76,0,,260,
ATCSS4ID,290,294029,QF50,accept,0,297,302012,A,298,302770,,,,298,302770,0,,260,
ATCSS4ID,240,243330,QF87,accept,0,242,245853,A,242,246322,,,,242,246322,0,,260,
ATCSS4ID,173,175392,QR17,accept,0,174,176727,A,175,177522,,,,175,177523,0,,260,
ATCSS4ID,173,175392,TT38,accept,0,180,183197,A,181,184098,,,,181,184099,0,,260,
ATCSS4ID,47,47629.1,VA64,accept,0,52,52869,A,52,53091.3,,,,52,53091.4,0,,260,
ATCSS4ID,153,155113,VA89,accept,0,154,156821,A,155,157212,,,,155,157212,0,,260,
ATCSS4ID,23,23292.5,EK44,handoff,0,26,26870,H,27,27475.5,,,,27,27475.6,0,1,260,
ATCSS4ID,123,124693,EK84,handoff,0,124,126317,Right Arrow,125,127427,,,,125,127427,0,,260,
ATCSS4ID,105,106441,GA16,handoff,1,-1,-1,,,,,,,105,106441,,,260,
ATCSS4ID,181,183504,GA26,handoff,0,186,188956,H,187,189938,,,,187,189939,0,,260,
ATCSS4ID,268,271721,GA81,handoff,0,275,279516,H,276,280274,,,,276,280274,0,,260,
ATCSS4ID,15,15180.3,GA90,handoff,0,17,17694.1,H,18,18292.8,,,,18,18292.9,0,,260,
ATCSS4ID,76,77034.9,MH79,handoff,0,77,78397.9,H,78,79171.1,,,,78,79171.2,0,,260,
ATCSS4ID,52,52698.8,QR60,handoff,0,54,55125.3,H,54,55683.3,,,,54,55683.4,0,,260,
ATCSS4ID,220,223050,SQ22,handoff,0,222,225141,H,222,225938,,,,222,225938,0,,260,
ATCSS4ID,90,91230,SQ44,handoff,0,94,95453.6,H,95,96931,,,,95,96931.2,0,,260,
ATCSS4ID,174,176406,SQ56,handoff,0,175,178165,J,176,178754,H,176,179218,176,179219,0,,260,
NoneLL3ID,75,76029.4,CX24,accept,0,76,77530,A,77,78919.8,77,78919.9,0,0,190,
NoneLL3ID,65,65889.4,CX98,accept,0,66,67193.9,A,67,68023.7,67,68023.9,0,,190,
NoneLL3ID,271,274773,EK09,accept,0,282,286873,A,283,287142,283,287143,0,,190,
NoneLL3ID,133,134841,GA35,accept,0,134,136802,A,135,137767,135,137768,0,,190,
NoneLL3ID,286,289982,GA37,accept,0,290,294672,A,290,294886,290,294887,0,,190,
NoneLL3ID,9,9104.37,GA89,accept,0,13,13762.8,A,14,14920.2,14,14920.4,0,,190,
NoneLL3ID,175,177429,JQ29,accept,0,177,180122,A,178,180631,178,180631,0,,190,
NoneLL3ID,259,262605,MH50,accept,0,260,263710,A,260,263975,260,263975,0,,190,
NoneLL3ID,172,174387,MH52,accept,0,174,176496,A,174,177351,174,177351,0,,190,
NoneLL3ID,3,3020.56,MH85,accept,0,8,9050.32,A,9,9688.26,9,9688.4,0,,190,
NoneLL3ID,227,230157,QF30,accept,0,229,232321,A,229,233175,229,233175,0,,190,
NoneLL3ID,35,35468.9,QF63,accept,0,40,41258.2,A,41,41625.5,41,41625.7,0,,190,
NoneLL3ID,221,224072,QF80,accept,0,223,226289,A,223,227095,223,227095,0,,190,
NoneLL3ID,100,101379,QR33,accept,0,102,103626,A,102,104344,102,104344,0,,190,
NoneLL3ID,237,240297,QR64,accept,0,240,244145,A,241,244487,241,244487,0,,190,
NoneLL3ID,85,86169.5,SQ72,accept,0,88,89730.4,A,89,90327.8,89,90327.9,0,,190,
NoneLL3ID,106,107463,BA91,handoff,0,107,109074,H,108,110360,108,110360,0,0,190,
NoneLL3ID,66,66903.3,GA56,handoff,0,67,68738.5,H,68,69463.9,68,69464.1,0,,190,
NoneLL3ID,190,192638,JQ15,handoff,0,192,195050,H,193,195879,193,195879,0,,190,
NoneLL3ID,11,11132.3,JQ43,handoff,0,15,15554.9,H,16,16296.3,16,16296.5,0,,190,
NoneLL3ID,25,25328.8,MH74,handoff,0,26,26626.1,H,26,27272.2,26,27272.3,0,,190,
NoneLL3ID,235,238268,NA24,handoff,0,236,239593,H,236,239895,236,239895,0,,190,
NoneLL3ID,162,164247,QF19,handoff,0,163,165481,Down Arrow,164,166375,164,166375,0,,190,
NoneLL3ID,204,206834,QR25,handoff,0,206,209009,H,208,211207,208,211207,0,,190,
NoneLL3ID,38,38510.6,TT60,handoff,0,42,42682.7,H,42,43048.1,42,43048.2,0,,190,
NoneLL3ID,73,74001.6,TT88,handoff,0,78,79314.2,H,78,80023.8,78,80024,0,,190,
NoneLL3ID,150,152079,VA15,handoff,0,153,155962,H,155,157232,155,157232,0,,190,
NoneLL3ID,229,232185,VA17,handoff,0,237,240577,H,237,240919,237,240919,0,,190,
NoneLL3ID,228,231171,VA96,handoff,0,230,234073,H,231,234791,231,234791,0,,190,
NoneLL11ID,56,56757.1,CX07,accept,0,57,58257.4,A,57,58455.2,,,,57,58455.3,0,0,345,
NoneLL11ID,190,192633,EK34,accept,0,194,197219,A,195,197990,,,,195,197990,0,,345,
NoneLL11ID,69,69939,EK90,accept,0,70,71121.8,A,70,71383.1,,,,70,71383.3,0,,345,
NoneLL11ID,201,203786,JQ31,accept,0,204,207265,A,204,207414,,,,204,207414,0,,345,
NoneLL11ID,194,196689,JQ64,accept,0,202,205280,A,202,205654,,,,202,205654,0,,345,
NoneLL11ID,241,244346,MH49,accept,0,244,247577,A,244,248246,,,,244,248246,0,,345,
NoneLL11ID,82,83121,MH58,accept,0,85,86237.2,A,85,86599,,,,85,86599.1,0,,345,
NoneLL11ID,23,23294.2,NA16,accept,0,25,25415.6,A,25,26023.4,,,,25,26023.5,0,,345,
NoneLL11ID,222,225080,NA74,accept,0,223,226344,A,224,227318,,,,224,227318,0,,345,
NoneLL11ID,141,142947,QF02,accept,0,142,144289,H,143,145207,A,143,145815,143,145815,0,,345,
NoneLL11ID,265,268682,QF06,accept,0,267,271360,A,268,271878,,,,268,271878,0,,345,
NoneLL11ID,200,202772,QF27,accept,0,203,206297,A,203,206454,,,,203,206454,0,,345,
NoneLL11ID,1,986.915,QF82,accept,0,2,2602.14,A,3,3399.59,,,,3,3399.74,0,,345,
NoneLL11ID,146,148016,TT10,accept,0,147,149110,A,147,149735,,,,147,149735,0,,345,
NoneLL11ID,25,25322.3,TT55,accept,0,31,31754,A,31,32135.4,,,,31,32135.5,0,,345,
NoneLL11ID,287,290989,CX30,handoff,0,290,294520,H,291,295302,,,,291,295302,0,0,345,
NoneLL11ID,81,82107.2,GA33,handoff,0,82,83404.1,H,82,83655,,,,82,83655.2,0,,345,
NoneLL11ID,123,124694,GA65,handoff,0,124,125913,H,125,126791,,,,125,126791,0,,345,
NoneLL11ID,80,81093.2,GA66,handoff,0,83,84657.7,H,84,85226,,,,84,85226.1,0,,345,
NoneLL11ID,159,161199,JQ94,handoff,0,161,163705,H,162,164325,,,,162,164325,0,,345,
NoneLL11ID,8,8084.19,MH54,handoff,0,9,9370.12,H,10,10199.5,,,,10,10199.7,0,,345,
NoneLL11ID,142,143960,MH96,handoff,0,151,153705,H,152,154759,,,,152,154759,0,,345,
NoneLL11ID,274,277808,NA42,handoff,0,275,279392,H,276,280246,,,,276,280246,0,,345,
NoneLL11ID,33,33434.6,QF59,handoff,0,34,35113.8,H,36,36551.4,,,,36,36551.5,0,,345,
NoneLL11ID,293,297073,QF82,handoff,0,294,298928,H,295,299782,,,,295,299782,0,,345,
NoneLL11ID,211,213926,QR60,handoff,0,212,215529,Right Arrow,213,216038,,,,213,216038,0,,345,
NoneLL11ID,26,26336.4,SQ39,handoff,0,29,30226.2,H,30,30999.4,,,,30,30999.5,0,,345,
NoneLL11ID,127,128750,TT19,handoff,0,130,132097,A,130,132423,H,133,135527,133,135527,0,,345,
NoneLL11ID,198,200744,VA77,handoff,0,201,203867,H,202,204881,,,,202,204881,0,,345,
NoneSL1ID,71,71974,EK30,accept,0,73,74298,A,73,74808,,,,73,74808.2,0,0,335,
NoneSL1ID,128,129772,JQ59,accept,0,130,131877,A,130,132200,,,,130,132200,0,,335,
NoneSL1ID,198,200751,JQ61,accept,0,202,205146,A,202,205415,,,,202,205415,0,,335,
NoneSL1ID,251,254494,JQ69,accept,0,258,262377,A,259,262759,,,,259,262759,0,,335,
NoneSL1ID,285,288969,NA72,accept,0,286,290281,A,286,290679,,,,286,290679,0,,335,
NoneSL1ID,159,161205,NA86,accept,0,161,163658,A,161,163815,,,,161,163816,0,,335,
NoneSL1ID,0,336564,QF19,accept,0,2,2073.15,A,2,2312.49,,,,2,2312.62,0,,335,
NoneSL1ID,176,178443,QF23,accept,0,177,180153,A,178,180663,,,,178,180664,0,,335,
NoneSL1ID,64,64875.9,QF50,accept,0,71,72881.8,A,72,73786.2,,,,72,73786.4,0,,335,
NoneSL1ID,109,110506,QF62,accept,0,115,117154,A,115,117576,,,,115,117576,0,,335,
NoneSL1ID,251,254494,QR31,accept,0,253,256938,A,253,257335,,,,253,257335,0,,335,
NoneSL1ID,63,63862.1,SQ48,accept,0,63,64562.7,A,64,65208.2,,,,64,65208.3,0,,335,
NoneSL1ID,177,179457,SQ80,accept,0,180,183042,A,180,183207,,,,180,183207,0,,335,
NoneSL1ID,275,278829,TT53,accept,0,276,280385,A,276,280775,,,,276,280775,0,,335,
NoneSL1ID,71,71973.9,BA57,handoff,0,74,75402.3,H,75,76102.6,,,,75,76102.7,0,0,335,
NoneSL1ID,76,77043.9,BA82,handoff,0,80,81602.6,H,81,82192.4,,,,81,82192.5,0,,335,
NoneSL1ID,234,237255,EK68,handoff,0,238,242122,H,239,242455,,,,239,242455,0,,335,
NoneSL1ID,222,225087,GA37,handoff,0,223,227002,H,224,227223,,,,224,227223,0,,335,
NoneSL1ID,187,189597,GA81,handoff,0,188,191513,Down Arrow,189,192311,,,,189,192312,0,,335,
NoneSL1ID,22,22287.4,MH03,handoff,0,30,31107.2,H,31,31832.3,,,,31,31832.5,0,,335,
NoneSL1ID,43,43582.2,MH63,handoff,0,44,44994.8,H,44,45320.2,,,,44,45320.4,0,,335,
NoneSL1ID,86,87184.2,MH75,handoff,0,93,95073.8,H,94,95370.1,,,,94,95370.2,0,,335,
NoneSL1ID,245,248409,QF12,handoff,0,248,251785,H,248,252119,,,,248,252119,0,,335,
NoneSL1ID,271,274773,QR21,handoff,0,273,276875,H,273,277591,,,,273,277591,0,,335,
NoneSL1ID,89,90225.4,QR39,handoff,0,93,94360.6,H,93,94695.9,,,,93,94696,0,,335,
NoneSL1ID,130,131800,QR84,handoff,0,131,133082,H,131,133640,,,,131,133640,0,,335,
NoneSL1ID,204,206835,SQ02,handoff,0,205,208106,A,205,208327,H,206,209127,206,209127,0,,335,
NoneSL1ID,160,162219,TT26,handoff,0,162,164434,H,162,165207,,,,162,165208,0,,335,
NoneSL9ID,140,141927,BA18,accept,0,141,143258,A,141,143504,141,143504,0,0,385,
NoneSL9ID,4,4023.56,BA20,accept,0,7,8058.74,A,8,8272.69,8,8272.83,0,,385,
NoneSL9ID,3,3009.76,BA47,accept,0,5,5838.35,A,6,6528.7,6,6528.84,0,,385,
NoneSL9ID,176,178432,CX89,accept,0,177,180050,A,177,180256,177,180256,0,,385,
NoneSL9ID,100,101368,EK14,accept,0,101,102802,A,102,103473,102,103473,0,,385,
NoneSL9ID,14,14163.6,EK92,accept,0,15,15899.2,A,15,16080.6,15,16080.8,0,,385,
NoneSL9ID,226,229131,GA12,accept,0,230,233386,A,230,233775,230,233775,0,,385,
NoneSL9ID,121,122661,JQ57,accept,0,123,124811,A,123,125008,123,125008,0,,385,
NoneSL9ID,224,227103,MH40,accept,0,231,234394,A,231,234687,231,234687,0,,385,
NoneSL9ID,178,180460,MH56,accept,0,179,181557,A,179,181696,179,181696,0,,385,
NoneSL9ID,282,285916,NA38,accept,0,285,289698,A,286,290052,286,290052,0,,385,
NoneSL9ID,30,30387.6,QR01,accept,0,32,33427.2,A,33,33760.6,33,33760.7,0,,385,
NoneSL9ID,269,272734,QR67,accept,0,270,274530,A,272,275935,272,275935,0,,385,
NoneSL9ID,235,238258,SQ32,accept,0,236,240233,A,237,241135,237,241135,0,,385,
NoneSL9ID,171,173362,TT72,accept,0,172,174834,A,173,175568,173,175568,0,,385,
NoneSL9ID,46,46611.4,VA66,accept,0,48,49043,A,49,50032.4,49,50032.6,0,,385,
NoneSL9ID,181,183502,VA68,accept,0,184,187162,A,184,187472,184,187472,0,,385,
NoneSL9ID,294,298083,BA47,handoff,0,296,300688,H,297,301455,297,301455,0,0,385,
NoneSL9ID,37,37485.4,CX05,handoff,0,41,42315.1,H,42,42976.5,42,42976.7,0,,385,
NoneSL9ID,43,43569.5,GA25,handoff,0,53,54171.1,H,54,54944.4,54,54944.5,0,,385,
NoneSL9ID,200,202768,JQ90,handoff,0,205,208690,H,206,209471,206,209472,0,,385,
NoneSL9ID,222,225075,JQ93,handoff,0,224,227850,H,225,228559,225,228560,0,,385,
NoneSL9ID,148,150039,MH15,handoff,0,149,152058,H,150,152976,150,152976,0,,385,
NoneSL9ID,116,117592,MH97,handoff,0,119,120705,H,119,121344,119,121344,0,,385,
NoneSL9ID,210,212908,NA52,handoff,0,211,214810,H,212,215887,212,215888,0,,385,
NoneSL9ID,225,228117,SQ28,handoff,0,228,231666,H,229,232479,229,232479,0,,385,
NoneSL9ID,265,268678,TT23,handoff,0,277,281698,H,278,282527,278,282527,0,,385,
NoneSL9ID,30,30387.6,VA22,handoff,0,37,38386.4,H,38,39360.5,38,39360.7,0,,385,
NoneSL9ID,173,175390,VA31,handoff,0,174,177386,H,175,178144,175,178144,0,,385,
NoneSL9ID,25,25317.8,VA48,handoff,0,26,26683.2,H,27,27408.6,27,27408.7,0,,385,
NoneSS8ID,56,56762.4,BA05,accept,0,57,58783.7,A,58,59005.4,,,,58,59005.6,0,0,315,
NoneSS8ID,136,137881,BA40,accept,0,138,140623,A,138,140813,,,,138,140813,0,,315,
NoneSS8ID,146,148022,BA78,accept,0,147,149495,A,148,150141,,,,148,150141,0,,315,
NoneSS8ID,172,174386,CX57,accept,0,176,178522,A,177,179645,,,,177,179645,0,,315,
NoneSS8ID,241,244352,CX65,accept,0,243,246471,A,243,247084,,,,243,247084,0,,315,
NoneSS8ID,259,262604,EK17,accept,0,262,265737,A,262,265948,,,,262,265948,0,,315,
NoneSS8ID,14,14173.6,EK69,accept,0,15,15584.4,A,15,15853.7,,,,15,15853.9,0,,315,
NoneSS8ID,27,27356,GA79,accept,0,33,34002.7,A,33,34349.6,,,,33,34349.7,0,,315,
NoneSS8ID,0,335046,MH01,accept,0,1,1312.41,A,2,2067.85,,,,2,2067.97,0,,315,
NoneSS8ID,103,104421,MH81,accept,0,106,108408,A,107,108701,,,,107,108701,0,,315,
NoneSS8ID,181,183511,NA12,accept,0,190,192847,A,191,193853,,,,191,193853,0,,315,
NoneSS8ID,1,991.597,NA97,accept,0,7,7799.39,A,8,8155.55,,,,8,8155.67,0,,315,
NoneSS8ID,200,202777,QR44,accept,0,203,206391,A,204,207020,,,,204,207021,0,,315,
NoneSS8ID,282,285925,QR74,accept,0,284,288095,A,284,288412,,,,284,288412,0,,315,
NoneSS8ID,82,83127.1,SQ34,accept,0,84,86023.9,Z,85,86285.3,A,85,87085.3,85,87085.4,0,,315,
NoneSS8ID,246,249422,SQ39,accept,0,247,251247,A,248,252108,,,,248,252108,0,,315,
NoneSS8ID,130,131798,VA25,accept,0,137,139135,A,137,139901,,,,137,139901,0,,315,
NoneSS8ID,144,145994,BA14,handoff,0,149,151439,H,150,152160,,,,150,152160,0,0,315,
NoneSS8ID,28,28370.3,BA23,handoff,0,29,29840.3,H,30,30621.7,,,,30,30621.8,0,,315,
NoneSS8ID,60,60818.4,BA35,handoff,0,63,64472.1,A,63,64653.4,H,66,67789.5,66,67789.6,0,,315,
NoneSS8ID,103,104421,GA49,handoff,0,104,105664,H,105,106541,,,,105,106541,0,,315,
NoneSS8ID,225,228128,GA55,handoff,0,226,229783,H,227,230860,,,,227,230860,0,,315,
NoneSS8ID,33,33440.3,MH91,handoff,0,34,35456,H,36,36555.1,,,,36,36555.2,0,,315,
NoneSS8ID,190,192637,NA66,handoff,0,191,194567,H,192,195469,,,,192,195469,0,,315,
NoneSS8ID,18,18229.6,NA71,handoff,0,19,19672.3,H,20,20525.7,,,,20,20525.8,0,,315,
NoneSS8ID,293,297079,NA97,handoff,0,294,299070,H,295,299724,,,,295,299724,0,,315,
NoneSS8ID,118,119630,QR20,handoff,0,119,121360,Up Arrow,121,122925,,,,121,122925,0,,315,
NoneSS8ID,248,251450,QR52,handoff,0,255,259374,A,256,260060,H,258,262476,258,262476,0,,315,
NoneSS8ID,229,232184,SQ38,handoff,0,231,234799,Up Arrow,232,235532,H,233,236604,233,236604,0,,315,
NoneSS8ID,197,199735,TT29,handoff,0,205,207983,H,205,208205,,,,205,208205,0,,315,
NoneSS8ID,34,34454.2,TT83,handoff,0,38,39376.3,H,39,39693.6,,,,39,39693.8,0,,315,
NoneLS2ID,56,56755.7,CX12,accept,0,58,59419.7,A,58,59585,,,,58,59585.1,0,0,295,
NoneLS2ID,142,143958,CX80,accept,0,143,145435,A,143,145552,,,,143,145553,0,,295,
NoneLS2ID,106,107455,EK09,accept,0,108,110163,A,109,110577,,,,109,110577,0,,295,
NoneLS2ID,187,189589,EK27,accept,0,188,191164,A,188,191408,,,,188,191408,0,,295,
NoneLS2ID,284,287947,GA15,accept,0,286,290186,A,286,290943,,,,286,290944,0,,295,
NoneLS2ID,8,8083.04,GA55,accept,0,11,11194.9,A,11,11649.3,,,,11,11649.4,0,,295,
NoneLS2ID,232,235219,GA73,accept,0,235,238626,A,236,239362,,,,236,239362,0,,295,
NoneLS2ID,132,133819,JQ66,accept,0,139,141827,A,140,142016,,,,140,142017,0,,295,
NoneLS2ID,231,234205,MH98,accept,0,233,236610,A,233,236816,,,,233,236816,0,,295,
NoneLS2ID,179,181477,NA39,accept,0,180,183306,S,181,183664,A,181,184384,181,184384,0,,295,
NoneLS2ID,239,242317,QR01,accept,0,240,244242,A,241,245040,,,,241,245040,0,,295,
NoneLS2ID,24,24307.3,SQ84,accept,0,26,26651.8,A,27,27441.2,,,,27,27441.3,0,,295,
NoneLS2ID,219,222037,TT43,accept,0,220,223506,A,220,223856,,,,220,223856,0,,295,
NoneLS2ID,7,7069.17,VA63,accept,0,8,8443.3,A,9,9169.26,,,,9,9169.38,0,,295,
NoneLS2ID,43,43573.8,BA91,handoff,0,49,49729.3,H,49,50177,,,,49,50177.2,0,0,295,
NoneLS2ID,262,265639,BA94,handoff,0,263,267098,H,264,268208,,,,264,268208,0,,295,
NoneLS2ID,116,117595,EK08,handoff,0,120,122379,H,121,123201,,,,121,123201,0,,295,
NoneLS2ID,135,136861,EK17,handoff,0,140,142531,H,140,142736,,,,140,142737,0,,295,
NoneLS2ID,169,171337,NA20,handoff,0,171,173890,Down Arrow,171,174224,,,,171,174225,0,,295,
NoneLS2ID,26,26335.3,NA54,handoff,0,32,32563.7,H,32,33393.2,,,,32,33393.3,0,,295,
NoneLS2ID,16,16195.2,QF19,handoff,0,19,19763.9,Up Arrow,20,20769.2,H,21,21777.2,21,21777.4,0,,295,
NoneLS2ID,236,239275,QF36,handoff,0,237,240826,H,238,241488,,,,238,241488,0,,295,
NoneLS2ID,262,265639,SQ72,handoff,0,265,269274,H,266,269984,,,,266,269984,0,,295,
NoneLS2ID,56,56755.8,SQ90,handoff,0,57,57915.8,H,57,58193,,,,57,58193.1,0,,295,
NoneLS2ID,63,63853.7,TT30,handoff,0,64,65547.3,A,65,66160.9,H,65,66752.9,65,66753.1,0,,295,
NoneLS2ID,154,156127,TT48,handoff,0,155,157795,H,155,157968,,,,155,157968,0,,295,
NoneLS2ID,199,201757,TT68,handoff,0,200,203571,H,201,204112,,,,201,204112,0,,295,
ATCSS12ID,264,267669,BA21,accept,0,271,275164,A,272,275978,,,,272,275978,0,3,290,
ATCSS12ID,85,86165.2,CX76,accept,0,90,91694.1,A,91,92683.4,,,,91,92683.5,0,,290,
ATCSS12ID,200,202774,CX79,accept,0,206,209028,A,206,209755,,,,206,209755,0,,290,
ATCSS12ID,0,335860,CX83,accept,0,1,1870.57,A,2,2123.95,,,,2,2124.08,0,,290,
ATCSS12ID,263,266655,EK31,accept,0,264,268044,A,265,268954,,,,265,268954,0,,290,
ATCSS12ID,127,128753,EK50,accept,1,-1,-1,,,,,,,127,128753,,,290,
ATCSS12ID,134,135851,EK69,accept,1,-1,-1,,,,,,,134,135851,,,290,
ATCSS12ID,86,87179,EK91,accept,0,92,94053.5,A,93,94360.6,,,,93,94360.7,0,,290,
ATCSS12ID,62,62842.7,GA34,accept,0,66,67302.2,A,66,67883.6,,,,66,67883.8,0,,290,
ATCSS12ID,86,87179,JQ11,accept,0,92,93397.4,A,92,93675.3,,,,92,93675.5,0,,290,
ATCSS12ID,255,258543,JQ58,accept,0,256,259861,A,257,260762,,,,257,260762,0,,290,
ATCSS12ID,137,138893,JQ94,accept,1,-1,-1,,,,,,,137,138893,,,290,
ATCSS12ID,46,46617.8,NA02,accept,0,49,50294.2,A,50,51019.6,,,,50,51019.8,0,,290,
ATCSS12ID,205,207844,SQ84,accept,0,209,212341,A,210,212987,,,,210,212987,0,,290,
ATCSS12ID,272,275781,TT10,accept,0,284,288564,A,285,289226,,,,285,289226,0,,290,
ATCSS12ID,11,11127.9,VA23,accept,0,16,16366.5,A,17,17277.2,,,,17,17277.4,0,,290,
ATCSS12ID,108,109486,CX16,handoff,0,114,116270,H,114,116427,,,,114,116427,0,2,290,
ATCSS12ID,169,171341,CX60,handoff,0,170,172973,H,171,174283,,,,171,174283,0,,290,
ATCSS12ID,72,72982.9,EK64,handoff,0,78,79462.1,H,79,80171.5,,,,79,80171.7,0,,290,
ATCSS12ID,128,129767,EK71,handoff,1,-1,-1,,,,,,,128,129767,,,290,
ATCSS12ID,170,172355,GA14,handoff,0,173,176350,H,174,177067,,,,174,177067,0,,290,
ATCSS12ID,40,40533.8,JQ38,handoff,0,41,42222.3,H,42,42923.7,,,,42,42923.8,0,,290,
ATCSS12ID,77,78052.9,NA33,handoff,0,81,82421.1,G,81,82955.4,H,82,83355.4,82,83355.6,0,,290,
ATCSS12ID,177,179453,QF80,handoff,0,178,181357,H,179,181611,,,,179,181611,0,,290,
ATCSS12ID,60,60814.8,SQ96,handoff,0,61,62158.2,H,62,63003.6,,,,62,63003.7,0,,290,
ATCSS12ID,108,109487,TT13,handoff,0,111,113046,H,113,115371,,,,113,115371,0,,290,
ATCSS12ID,39,39520,TT46,handoff,0,47,47694.9,H,47,47915.7,,,,47,47915.8,0,,290,
ATCSS12ID,243,246376,TT66,handoff,0,253,256660,H,254,257600,,,,254,257600,0,,290,
ATCSS12ID,297,301131,VA23,handoff,0,0,-1,,,,,,,,,,,290,
ATCSS12ID,147,149033,VA41,handoff,0,148,150630,Down Arrow,149,151499,,,,149,151499,0,,290,
ATCLS14ID,250,253479,BA04,accept,0,251,255009,A,252,255983,,,,252,255983,0,2,65,
ATCLS14ID,215,217989,GA29,accept,0,216,219545,A,216,219839,,,,216,219839,0,,65,
ATCLS14ID,43,43581.3,MH44,accept,0,44,45346.5,A,45,45684.2,,,,45,45684.4,0,,65,
ATCLS14ID,1,993.228,MH89,accept,0,2,2651.38,A,3,3376.58,,,,3,3376.71,0,,65,
ATCLS14ID,24,24314.6,MH92,accept,0,36,36731,A,36,37072.4,,,,36,37072.5,0,,65,
ATCLS14ID,213,215960,NA11,accept,0,214,217305,A,214,217695,,,,214,217695,0,,65,
ATCLS14ID,257,260576,NA49,accept,0,258,262009,A,258,262239,,,,258,262239,0,,65,
ATCLS14ID,188,190611,QF31,accept,0,196,199514,A,197,200255,,,,197,200255,0,,65,
ATCLS14ID,242,245367,QF74,accept,0,243,246834,A,243,247087,,,,243,247087,0,,65,
ATCLS14ID,64,64875.6,QF77,accept,0,65,66266.5,A,65,66480.2,,,,65,66480.3,0,,65,
ATCLS14ID,120,121658,QR45,accept,1,-1,-1,,,,,,,120,121658,,,65,
ATCLS14ID,161,163232,SQ26,accept,0,162,164618,A,163,165338,,,,163,165338,0,,65,
ATCLS14ID,93,94280.8,SQ65,accept,0,95,97090.6,A,96,97920,,,,96,97920.2,0,,65,
ATCLS14ID,109,110504,SQ90,accept,1,-1,-1,,,,,,,109,110504,1,,65,
ATCLS14ID,25,25328.5,VA46,accept,0,27,27425.7,A,27,27616.4,,,,27,27616.6,0,,65,
ATCLS14ID,203,205821,VA68,accept,0,206,209074,A,206,209871,,,,206,209871,0,,65,
ATCLS14ID,79,80085.7,CX58,handoff,0,80,81378.8,H,81,82688.1,,,,81,82688.3,0,1,65,
ATCLS14ID,75,76029.7,GA18,handoff,0,76,77706.7,H,77,78368.1,,,,77,78368.2,0,,65,
ATCLS14ID,138,139911,JQ49,handoff,0,141,143031,Right Arrow,142,144224,,,,142,144224,0,,65,
ATCLS14ID,233,236241,MH98,handoff,0,238,241529,G,238,241727,H,239,242943,239,242943,0,,65,
ATCLS14ID,22,22286.6,NA09,handoff,0,24,25171.1,H,25,26032.5,,,,25,26032.6,0,,65,
ATCLS14ID,106,107463,NA41,handoff,0,107,108755,A,109,110592,H,110,111824,110,111824,0,,65,
ATCLS14ID,12,12146.4,QF70,handoff,0,18,18451.1,H,19,19360.5,,,,19,19360.6,0,,65,
ATCLS14ID,210,212919,QR12,handoff,0,217,220674,H,218,221311,,,,218,221311,0,,65,
ATCLS14ID,277,280856,SQ40,handoff,0,280,284337,H,281,285151,,,,281,285151,0,,65,
ATCLS14ID,121,122672,SQ47,handoff,1,-1,-1,,,,,,,121,122672,,,65,
ATCLS14ID,165,167288,TT57,handoff,0,166,168794,H,167,169456,,,,167,169456,0,,65,
ATCLS14ID,46,46623.4,VA63,handoff,0,50,51146.3,Down Arrow,51,52017,H,52,53008.3,52,53008.5,0,,65,
ATCLS6ID,31,31404.3,CX25,accept,0,32,33258.5,A,33,33775.8,,,,,,,33,33776,0,1,290,
ATCLS6ID,89,90217.3,CX80,accept,0,90,91994.1,A,91,92324.3,,,,,,,91,92324.4,0,,290,
ATCLS6ID,173,175392,EK37,accept,0,175,177674,A,175,177871,,,,,,,175,177871,0,,290,
ATCLS6ID,277,280848,EK96,accept,0,281,285273,H,283,287054,A,283,287614,,,,283,287614,0,,290,
ATCLS6ID,81,82105.2,GA85,accept,0,82,83553.1,A,82,83951.5,,,,,,,82,83951.7,0,,290,
ATCLS6ID,220,223050,GA87,accept,0,222,225369,A,223,226239,,,,,,,223,226239,0,,290,
ATCLS6ID,0,335868,JQ68,accept,0,1,1546.66,A,2,2272.05,,,,,,,2,2272.19,0,,290,
ATCLS6ID,25,25320.2,MH44,accept,0,26,26873.8,A,27,27935.9,,,,,,,27,27936.1,0,,290,
ATCLS6ID,210,212910,NA61,accept,0,213,216737,A,213,216959,,,,,,,213,216959,0,,290,
ATCLS6ID,100,101372,QF17,accept,1,-1,-1,,,,,,,,,,100,101372,,,290,
ATCLS6ID,258,261582,QF88,accept,0,261,264707,A,262,266062,,,,,,,262,266063,0,,290,
ATCLS6ID,34,34446.2,QR04,accept,0,35,36306.4,A,36,36591.8,,,,,,,36,36592,0,,290,
ATCLS6ID,143,144972,QR58,accept,0,144,146818,H,145,147231,A,145,147631,,,,145,147631,0,,290,
ATCLS6ID,147,149028,QR74,accept,0,150,152994,A,151,153231,,,,,,,151,153231,0,,290,
ATCLS6ID,180,182490,TT31,accept,0,181,183905,A,182,184911,,,,,,,182,184911,0,,290,
ATCLS6ID,268,271722,TT34,accept,0,272,276465,A,272,276718,,,,,,,272,276718,0,,290,
ATCLS6ID,245,248400,TT38,accept,0,246,249761,A,246,249966,,,,,,,246,249967,0,,290,
ATCLS6ID,146,148014,BA01,handoff,0,148,150114,Down Arrow,149,151132,Left Arrow,149,151503,H,149,151999,149,151999,0,1,290,
ATCLS6ID,201,203784,BA73,handoff,0,208,211457,Up Arrow,209,212607,H,209,212847,,,,209,212847,0,,290,
ATCLS6ID,210,212910,CX25,handoff,0,211,214921,Right Arrow,212,215407,H,212,215615,,,,212,215615,0,,290,
ATCLS6ID,44,44586.1,EK29,handoff,0,45,46010.4,H,45,46191.8,,,,,,,45,46191.9,0,,290,
ATCLS6ID,58,58782.4,EK60,handoff,0,60,61010,Up Arrow,60,61663.7,H,62,63487.7,,,,62,63487.8,0,,290,
ATCLS6ID,232,235218,EK69,handoff,0,236,239442,H,237,240687,,,,,,,237,240687,0,,290,
ATCLS6ID,39,39516.1,GA62,handoff,0,43,43650.5,H,43,43951.8,,,,,,,43,43951.9,0,,290,
ATCLS6ID,268,271722,GA85,handoff,0,269,273257,Down Arrow,270,274686,Right Arrow,270,274734,H,271,275198,271,275198,0,,290,
ATCLS6ID,36,36474.1,JQ79,handoff,0,37,37929.8,H,37,38431.8,,,,,,,37,38431.9,0,,290,
ATCLS6ID,100,101371,NA97,handoff,1,-1,-1,,,,,,,,,,100,101371,,,290,
ATCLS6ID,55,55740.5,QR45,handoff,0,57,58018.3,Down Arrow,58,58853.2,H,58,59263.8,,,,58,59263.9,0,,290,
ATCLS6ID,123,124693,TT24,handoff,0,124,126650,H,125,126943,,,,,,,125,126943,0,,290,
NoneLS10ID,0,335938,CX34,accept,0,2,2345.7,A,3,3103.09,,,,,,,3,3103.21,0,0,385,
NoneLS10ID,138,139907,EK58,accept,0,140,142320,A,141,143014,,,,,,,141,143014,0,,385,
NoneLS10ID,37,37493.7,GA24,accept,0,38,39065.4,A,38,39422.8,,,,,,,38,39423,0,,385,
NoneLS10ID,240,243335,GA54,accept,0,242,245888,A,242,246110,,,,,,,242,246110,0,,385,
NoneLS10ID,168,170327,GA62,accept,0,169,172233,A,170,172436,,,,,,,170,172436,0,,385,
NoneLS10ID,201,203790,MH35,accept,0,202,205192,A,203,206302,,,,,,,203,206302,0,,385,
NoneLS10ID,109,110501,NA02,accept,0,110,111713,A,110,111854,,,,,,,110,111855,0,,385,
NoneLS10ID,279,282881,NA67,accept,0,280,284480,A,281,285581,,,,,,,281,285581,0,,385,
NoneLS10ID,167,169314,QF03,accept,0,168,170920,A,168,171182,,,,,,,168,171182,0,,385,
NoneLS10ID,83,84138.3,QF45,accept,0,84,86065.2,A,85,86334.6,,,,,,,85,86334.7,0,,385,
NoneLS10ID,178,180467,QR51,accept,0,179,181992,A,180,183072,,,,,,,180,183073,0,,385,
NoneLS10ID,22,22283.8,SQ94,accept,0,29,30208.7,A,30,31070.9,,,,,,,30,31071.1,0,,385,
NoneLS10ID,235,238265,TT12,accept,0,239,242928,A,239,243326,,,,,,,239,243326,0,,385,
NoneLS10ID,221,224069,VA16,accept,0,223,226560,A,223,226894,,,,,,,223,226894,0,,385,
NoneLS10ID,246,249419,VA17,accept,0,247,251000,A,247,251341,,,,,,,247,251342,0,,385,
NoneLS10ID,18,18227.5,BA72,handoff,0,20,20960.7,H,21,21336.8,,,,,,,21,21336.9,0,0,385,
NoneLS10ID,286,289979,CX34,handoff,0,287,291552,Up Arrow,288,292653,H,288,292957,,,,288,292957,0,,385,
NoneLS10ID,105,106445,CX85,handoff,0,108,110193,H,108,110334,,,,,,,108,110335,0,,385,
NoneLS10ID,267,270713,EK49,handoff,0,268,272440,H,269,273277,,,,,,,269,273278,0,,385,
NoneLS10ID,170,172356,NA79,handoff,0,171,173721,Up Arrow,172,174494,Up Arrow,173,175854,H,173,176366,173,176366,0,,385,
NoneLS10ID,279,282881,NA84,handoff,0,282,286256,H,282,286925,,,,,,,282,286925,0,,385,
NoneLS10ID,96,97320.1,NA98,handoff,0,97,98737.1,H,97,98942.4,,,,,,,97,98942.6,0,,385,
NoneLS10ID,37,37493.7,QR95,handoff,0,39,40433.5,H,40,40654.8,,,,,,,40,40655,0,,385,
NoneLS10ID,134,135851,SQ11,handoff,0,137,139249,H,137,139438,,,,,,,137,139438,0,,385,
NoneLS10ID,12,12143.7,SQ88,handoff,0,18,19233.6,H,19,20127,,,,,,,19,20127.1,0,,385,
NoneLS10ID,127,128753,TT14,handoff,0,129,130846,A,129,131486,H,130,132462,,,,130,132462,0,,385,
NoneLS10ID,70,70956.4,VA06,handoff,0,72,73055.9,H,72,73182.6,,,,,,,72,73182.8,0,,385,
NoneLS10ID,150,152075,VA23,handoff,0,156,159160,H,157,159710,,,,,,,157,159710,0,,385,
